-0.01658353694498273  1.095863735305276
-0.002904204229505436  1.0767950975362903
0.010775128485971855  1.0451690641633382
0.024454461201449146  0.9981951028299831
0.03813379391692644  0.9372684797144433
0.05181312663240374  0.8577383075559905
0.06549245934788103  0.7651856510674986
0.07917179206335832  0.6693773734964968
0.09285112477883563  0.5670578537604758
0.1065304574943129  0.4693892212851828
0.12020979020979021  0.3745111211663267
0.1338891229252675  0.2847489970342718
0.14756845564074478  0.20986971213654715
0.16124778835622205  0.1624306620771192
0.20974724071109613  0.14336202430813327
0.2234265734265734  0.18428983220254191
0.23710590614205074  0.24800698767451868
0.250785238857528  0.32521171620260747
0.2644645715730053  0.41776437269109934
0.2781439042884826  0.5196188037010477
0.2918232370039599  0.6317051866845982
0.3055025697194372  0.7414661260377845
0.31918190243491446  0.8391347585130775
0.3328612351503918  0.9121536885065107
0.34654056786586906  0.9442448106055357
0.36021990058134634  0.929827060097278
0.3738992332968237  0.8758767678728305
0.38757856601230095  0.7935560633579408
0.40125789872777823  0.7010034068694488
0.41493723144325556  0.6061253067505928
0.42861656415873284  0.5149679164403195
0.4422958968742101  0.42753123593862863
0.4559752295896874  0.34614070887588455
0.46965456230516467  0.26242473818277623
0.48333389502064206  0.17684841258537665
0.49701322773611933  0.10165906853693696
0.5106925604515966  0.009881559925233097
0.5243718931670739  -0.07234612684444208
0.5350311134648483  -0.1349603576231604
0.5492434071952144  -0.1305752353487597
0.5629227399106917  -0.11615748484050226
0.576602072626169  -0.07057878968536535
0.5902814053416463  -0.008721989117679962
0.60333895020642  0.051553509781357976
0.6263451006824501  0.1841348026271843
0.6400244333979274  0.26382000436099473
0.6537037661134046  0.34614070887588455
0.6673830988288819  0.426601058486483
0.6810624315443592  0.5052010531927902
0.6947417642598366  0.5684531199386941
0.7084210969753139  0.6056602180245201
0.7221004296907911  0.6121714601895396
0.7357797624062684  0.5833359591730245
0.7494590951217457  0.5242696909617759
0.763138427837223  0.44101880899474044
0.7768177605527002  0.3493963299583942
0.7904970932681776  0.2531229636613198
0.8023110624315444  0.17894131185270434
0.8228300615047602  0.048949012915350254
0.8365093942202376  -0.005931456761242959
0.8501887269357149  -0.04871961955994264
0.8638680596511922  -0.07336932204180235
0.8775473923666695  -0.07615985439823936
0.8912267250821467  -0.05476577299888952
0.904906057797624  -0.00732672293946135
0.9185853905131013  0.0661572957800447
0.9322647232285787  0.16010521844675507
0.9453222680933524  0.264378110832282
0.9571362372567191  0.37931703800241257
0.968950206420086  0.48743466385680834
0.9795205998820457  0.594963177324845
0.993199932597523  0.7079797377605412
1.006879265313  0.8070436364140526
1.0205585980284775  0.8944803169157435
1.0342379307439546  0.9651738032788126
1.047917263459432  1.0205193616814787
1.0615965961749092  1.0605169921237416
1.0752759288903866  1.085631783331674
1.0864681102030498  1.0987207089082949

