0.0033489872678578586  0.9240448493164193
0.012764520386147725  0.924653629785749
0.0219542549959136  0.9224496001601654
0.031147043688301533  0.9180252524683472
0.04034085040823015  0.9128607987544509
0.04953669318324014  0.9062161329963982
0.0587345720133315  0.8980912551941891
0.0681639503061747  0.8886345937632556
0.07644662237719  0.8779917266419156
0.08633940680655311  0.8655754555447017
0.09531759529336459  0.8501971315151102
0.10406448792293238  0.8360025699098275
0.11166996807388384  0.8167732512993316
0.12018352879112656  0.805242664162514
0.12388344808499308  0.7868945501912354
0.13170760055168376  0.7756587838302003
0.13471505751237617  0.7598258087009386
0.14212208046589633  0.7417591648014088
0.14911302102028784  0.7280267004400938
0.15338995832421476  0.7076073076345368
0.16007310552330542  0.6910407418594574
0.16699705017001945  0.666382757454006
0.17391895876165211  0.6432049850927111
0.18084018866825766  0.6205206167461349
0.1877668480550802  0.5938890162818083
0.1946928287568756  0.5677508198322008
0.20138547754634598  0.5442765978510582
0.20647154313960953  0.5200100789692517
0.2129339819678796  0.496930172988868
0.21802004756114315  0.47266365410706146
0.22471717567179253  0.4459329656287748
0.23164315637358793  0.41979476917916725
0.2383390628511885  0.3939522079273744
0.24342675728851715  0.3685015194102429
0.24988838169475464  0.3460136982475217
0.2547374504765467  0.32707553551366186
0.25937049381420535  0.298219544872938
0.26628527621305326  0.2802225146661905
0.2732098995447944  0.25507112624602035
0.2801352015615627  0.2294263338111313
0.2870591462082767  0.20476834940568
0.29447601009469015  0.1795473472927278
0.3025090036397271  0.15959982479552903
0.30552073631609045  0.14065840437353916
0.31292848643213966  0.12206311331538211
0.32095484825491155  0.10693685290486421
0.32396230521560393  0.09110387777560258
0.3324707757951433  0.08327382074917589
0.335092400317916  0.06966048500112154
0.34467407553084567  0.06079617986186148
0.35387704449864044  0.04897077194926136
0.36307899543889455  0.037885470058739656
0.37227483821390456  0.031240804300686875
0.3814676269062925  0.026816456608868666
0.3906563434885177  0.025352533005363442
0.39983895190549873  0.02832924553432692
0.4090195242673984  0.032786170107447
0.41888665440273637  0.03902057076660381
0.42714163612464495  0.04850858744579023
0.43653680869212114  0.06391948835668404
0.44587299383523993  0.07450901083489203
0.4553645008945661  0.09144259008163913
0.4647972532215441  0.11133649646169497
0.4731919083220347  0.1305941841063245
0.48234601196787663  0.15429386525347755
0.4910070994190152  0.17862705039594828
0.49884765667236153  0.20317024007681195
0.5070157279287968  0.2281369292146005
0.5148516313419571  0.25606346071067865
0.5235055441228089  0.2856126311516053
0.5200924371214048  0.262416534294578
0.5292248228463787  0.30190514391273215
0.5356859043045946  0.3354681545590712
0.5440710578147055  0.3616334984097638
0.5406565934432472  0.3394242095821741
0.5509278126437344  0.38582251146147273
0.5577798166775733  0.4134653526162134
0.5646352141365479  0.4386411736973599
0.5714885755404411  0.46529720682266285
0.5783419369443343  0.4919532399479658
0.5852007278284445  0.5146620409555184
0.592055446602392  0.5403312660513839
0.5989149161715293  0.5625466630442176
0.6062617785451451  0.5882167607351179
0.6149257746463999  0.6104353572430796
0.6240798782922419  0.6341350383902324
0.6330725518566322  0.6559312989013157
0.6417100792418292  0.6735400340130452
0.6515666218907439  0.6874715373018148
0.6607451581975622  0.6934086739190913
0.6699298026696248  0.6949051744038988
0.6791236093895533  0.6897407206900024
0.6883204701921041  0.6823559489098714
0.6959220818384009  0.6659390331832726
0.7042039394873836  0.6558882508795953
0.709820193823836  0.6357672758804646
0.7175629040872719  0.6280838826883993
0.7212620089591059  0.6103278535347831
0.7290869758478291  0.5985000023560855
0.7327893384077934  0.5783756339318191
0.7395791748931477  0.5677301199388733
0.7438540761419933  0.5487909391774729
0.7510328573208919  0.5296877396360175
0.7580258339303647  0.5144750632305459
0.7623015496012429  0.4949437976514829
0.7689879544884637  0.4760088926057532
0.7759078270250149  0.45431133228861464
0.7828276995615663  0.4326137719714761
0.7902391339677627  0.4113400019762741
0.7982721275127996  0.3913924794790754
0.8019744900727638  0.37126811105480906
0.8087622905030369  0.36210280910601966
0.8130392278069639  0.34168341630046284
0.8197132127581883  0.33177780472408713
0.8266469983377956  0.29996546210521324
0.8351630023211359  0.286658620515408
0.8381741241809748  0.26816126370666493
0.8450868705247413  0.2516444455440737
0.8524993714359805  0.22959532638288516
0.8594824586350581  0.22157225133474456
0.8637589887279689  0.20144890093801882
0.8709378862528719  0.18226111785118304
0.8789642480756439  0.16713485744066525
0.8826641673695105  0.14878674346938647
0.890488319836201  0.1375509771083514
0.8934957767968935  0.12171800197908977
0.9009010545603439  0.10492011126026535
0.9089268346530925  0.09021676857664951
0.9126291972130567  0.07009240015238305
0.9204517208356822  0.06004080342667284
0.9241540833956464  0.039916435002406825
0.9309439198810009  0.029270921009460826
0.9357551180382794  0.0100366479982672
0.9434998643567967  0.0008730427620453618
0.9471989692286307  -0.01688298639157071
0.9550231216953213  -0.02811875275260567
0.9580305786560137  -0.04395172788186752
0.9672304935411864  -0.053556817728233064
0.9722242579707612  -0.06637649920556865
0.9810410551581227  -0.07573556572960194
0.9902409700432955  -0.08534065557596748
0.9994327407081427  -0.0890248972457075

