0.8349173607183388  1.8199027181688125
0.8458299601128226  1.8199027181688125
0.8567425595073064  1.8199027181688125
0.8676551589017902  1.8199027181688125
0.9058492567824836  1.7861173104434906
0.9140337063283465  1.7861173104434906
0.9276744555714512  1.7692246065808297
0.9385870549659351  1.7650014306151645
0.9494996543604188  1.7523319027181687
0.9604122537549027  1.7438855507868383
0.9713248531493865  1.7269928469241773
0.9822374525438703  1.7101001430615164
0.9931500519383542  1.6889842632331902
1.004062651332838  1.6720915593705292
1.0149752507273218  1.6467525035765378
1.0258878501218056  1.6298597997138768
1.0368004495162895  1.6002975679542202
1.047713048910773  1.5749585121602288
1.058625648305257  1.5496194563662375
1.0695382476997408  1.5242804005722461
1.0804508470942247  1.4904949928469242
1.0913634464887085  1.4609327610872676
1.1022760458831922  1.4355937052932761
1.113188645277676  1.397585121602289
1.1241012446721599  1.363799713876967
1.1350138440666437  1.342683834048641
1.1459264434611276  1.3131216022889842
1.1568390428556112  1.2793361945636623
1.1677516422500953  1.2582203147353361
1.178664241644579  1.2328812589413447
1.1895768410390628  1.2075422031473533
1.2004894404335467  1.1822031473533618
1.2114020398280305  1.1610872675250357
1.2223146392225144  1.1526409155937052
1.233227238616998  1.1441945636623747
1.249596137708724  1.1273018597997138
1.2605087371032075  1.1273018597997138
1.2714213364976914  1.1273018597997138
1.2823339358921753  1.1273018597997138
1.2932465352866591  1.1273018597997138
1.304159134681143  1.1273018597997138
1.3150717340756266  1.1357482117310442
1.3259843334701105  1.1441945636623747
1.3368969328645943  1.1526409155937052
1.3478095322590782  1.1610872675250357
1.358722131653562  1.1737567954220314
1.3696347310480457  1.1990958512160228
1.3805473304425295  1.2159885550786838
1.3914599298370134  1.2328812589413447
1.4023725292314972  1.253997138769671
1.413285128625981  1.2708898426323318
1.4241977280204647  1.2962288984263233
1.4351103274149488  1.3215679542203147
1.4460229268094325  1.3469070100143061
1.4569355262039163  1.3764692417739628
1.4678481255984002  1.397585121602289
1.4787607249928838  1.4313705293276109
1.4896733243873679  1.452486409155937
1.5005859237818515  1.486271816881259
1.5114985231763354  1.5158340486409156
1.5224111225708192  1.5453962804005723
1.5333237219653029  1.5749585121602288
1.544236321359787  1.6002975679542202
1.5551489207542706  1.6256366237482116
1.5660615201487544  1.6551988555078683
1.5769741195432383  1.6763147353361945
1.587886718937722  1.6974306151645207
1.598799318332206  1.7269928469241773
1.6097119177266896  1.7354391988555078
1.6206245171211735  1.7523319027181687
1.6315371165156574  1.7523319027181687
1.6806438137908346  1.7607782546494992
1.6915564131853182  1.7523319027181687
1.702469012579802  1.739662374821173
1.713381611974286  1.7269928469241773
1.7242942113687698  1.7101001430615164
1.7352068107632537  1.6932074391988554
1.7461194101577373  1.6720915593705292
1.7570320095522214  1.6551988555078683
1.767944608946705  1.634082975679542
1.7788572083411889  1.612967095851216
1.7897698077356727  1.5918512160228897
1.8006824071301564  1.5707353361945637
1.8115950065246404  1.5538426323319028
1.822507605919124  1.5369499284692418
1.8388765050108498  1.50316452074392
1.8497891044053336  1.4820486409155937
1.8607017037998175  1.4609327610872676
1.8716143031943013  1.4482632331902718
1.8825269025887852  1.4313705293276109
1.8934395019832688  1.4060314735336195
1.9043521013777527  1.3891387696709585
1.9152647007722365  1.3722460658082976
1.9261773001667204  1.3511301859799714
1.9370898995612043  1.3300143061516452
1.9480024989556879  1.3131216022889842
1.9589150983501717  1.2877825464949928
1.9698276977446556  1.2708898426323318
1.9780121472905186  1.2624434907010014
2.002565495928107  1.203319027181688
2.013478095322591  1.1695336194563661
2.0243906947170744  1.1526409155937052
2.0353032941115585  1.131525035765379
2.0462158935060426  1.1019628040057223
2.0571284929005262  1.0892932761087266
2.065312942446389  1.076623748211731

